652
196
752
204
510
569
151
130
787
642
33
584
37
998
458
585
851
830
300
473
173
474
434
493
148
981
231
715
994
477
446
435
374
967
251
30
909
740
692
777
259
833
116
6
893
926
943
310
271
547
161
684
922
14
469
733
500
691
843
168
741
443
705
571
141
692
976
606
872
882
847
749
784
385
177
609
752
291
767
567
442
36
204
253
562
839
160
8
836
30
734
725
954
124
69
571
400
765
339
304
962
838
851
760
696
242
350
389
212
730
410
309
981
220
582
975
473
32
282
847
378
904
183
374
796
249
943
552
539
371
120
561
497
576
430
489
644
320
471
389
284
182
531
154
108
49
498
918
939
594
